   1.0000000e-04
   1.1318249e-04
   1.3361693e-04
   1.5774070e-04
   1.8621986e-04
   2.1984078e-04
   2.5953176e-04
   3.0000000e-04
   3.6170541e-04
   4.2700923e-04
   5.0410326e-04
   5.9511618e-04
   7.0256096e-04
   8.2940426e-04
   1.0000000e-03
   1.1318249e-03
   1.3361693e-03
   1.5774070e-03
   1.8621986e-03
   2.1984078e-03
   2.5953176e-03
   3.0000000e-03
   3.6170541e-03
   4.2700923e-03
   5.0410326e-03
   5.9511618e-03
   7.0256096e-03
   8.2940426e-03
   1.0000000e-02
   1.1318249e-02
   1.3361693e-02
   1.5774070e-02
   1.8621986e-02
   2.1984078e-02
   2.5953176e-02
   3.0000000e-02
   3.5416325e-02
   4.1810537e-02
   4.9359187e-02
   5.8270702e-02
   6.8791139e-02
   8.1210980e-02
   1.0000000e-01
   1.1318249e-01
   1.3361693e-01
   1.5774070e-01
   1.8621986e-01
   2.1984078e-01
   2.5953176e-01
   3.0000000e-01
   3.6170541e-01
   4.2700923e-01
   5.0410326e-01
   5.9511618e-01
   7.0256096e-01
   8.2940426e-01
   1.0000000e+00
   1.1559279e+00
   1.3646240e+00
   1.6109990e+00
   1.9018555e+00
   2.2452245e+00
   2.6505867e+00
   3.0000000e+00
   3.6940819e+00
   4.3610269e+00
   5.1483850e+00
   6.0778961e+00
   7.1752250e+00
   8.4706702e+00
   1.0000000e+01
